220.0 1 0.0039859682753756 0.0042529784924532
220.0 2 -0.003042578973542 0.0022183884528201
220.0 4 0.0018778639787427 0.0082852131355608
220.0 7 0.0062826969637273 0.0084065858433816
188.57142857142858 4 0.0084936828963059 0.0094604566630334
188.57142857142858 1 0.0038631133695411 0.0059304491696403
188.57142857142858 2 0.0061674073670867 0.0087340063354185
188.57142857142858 7 0.0331188072243089 0.0092054909921372
165.0 7 0.0753209922487843 0.0136321101404366
165.0 2 0.0163869428935992 0.0092722495919858
165.0 1 0.0057326738520822 0.0088383126260094
165.0 4 0.0048686498693317 0.0148781363421995
146.66666666666666 1 0.0334203086776671 0.0235729727500951
146.66666666666666 2 0.0186633541533502 0.0226125942282302
146.66666666666666 7 0.0924469581544475 0.0184243271412199
146.66666666666666 4 0.0005943566703934 0.021342760928744
