220.0 7 30.080092687752956 39.87605282030007
220.0 1 -1.0985074740720662 1.0664859485138551
220.0 4 23.091503300536658 11.33875088958232
220.0 2 0.9353249873901835 4.865016808375364
188.57142857142858 4 101.99629303715977 28.005417585939625
188.57142857142858 7 110.20218100315255 23.23760874122756
188.57142857142858 1 12.101561852174084 13.30495545779044
188.57142857142858 2 27.843534067125287 18.43903470736072
165.0 1 32.48176748614716 18.96295186785
165.0 2 87.21097110474021 32.533757407687844
165.0 4 121.94633098307406 32.20269286418199
165.0 7 122.10563593391144 33.08039714257554
146.66666666666666 1 34.11772196023505 38.99294193289234
146.66666666666666 2 100.73108384045861 46.65847697580447
146.66666666666666 4 201.39727727794374 49.0298206140131
146.66666666666666 7 213.08416560012714 43.69119453524198
