220.0 2 0.0003812984049695 0.0019832926246944
220.0 1 -0.0004478220440571 0.0004347680181467
220.0 7 0.0122625734560754 0.01625603457819
220.0 4 0.0094135765595339 0.0046224015041102
188.57142857142858 4 0.0415802254533876 0.0114168029294495
188.57142857142858 7 0.0449254712609672 0.0094731385002966
188.57142857142858 2 0.0113508088329088 0.0075169322084634
188.57142857142858 1 0.0049333721370461 0.0054239524899268
165.0 4 0.0415802254533876 0.0114168029294495
165.0 1 0.0049333721370461 0.0054239524899268
165.0 2 0.0113508088329088 0.0075169322084634
165.0 7 0.0449254712609672 0.0094731385002966
146.66666666666666 1 0.0139085698981798 0.0158960219865032
146.66666666666666 4 0.0821024367215425 0.019987696948232
146.66666666666666 2 0.0410644451041413 0.0190209853142293
146.66666666666666 7 0.0868667613534966 0.0178113308337717
