220.0 7 15.411455652023067 20.621355073815064
220.0 2 -7.463446222098526 5.441706874767705
220.0 4 4.606400339855843 20.323627821530643
220.0 1 9.777580179496347 10.4325562419877
188.57142857142858 4 20.835004144638372 23.20650019442093
188.57142857142858 7 81.24043412122973 22.581069403712554
188.57142857142858 1 9.47621709548432 14.547391813127655
188.57142857142858 2 15.128650271463675 21.42451754078158
165.0 7 184.76239398626788 33.43956617449098
165.0 4 11.94279812947066 36.496068447415375
165.0 2 40.19717091799884 22.744828249141168
165.0 1 14.062248959157635 21.68038087160106
146.66666666666666 1 81.9800171863174 57.82450215598328
146.66666666666666 2 45.78120773816804 55.468693641848674
146.66666666666666 4 1.45795691247501 52.35379255820904
146.66666666666666 7 226.77238835285974 45.19487447741242
