220.0 1 132.57539360003798 53.96471202121555
220.0 2 95.64130900144984 79.71726179658216
220.0 4 129.85915297546177 69.40631707199888
220.0 7 25.29355604432849 45.598228816905525
188.57142857142858 2 269.6519132606073 46.94262995644906
188.57142857142858 4 141.58926244854862 50.26841361651413
188.57142857142858 1 175.0881604200023 53.213634026853775
188.57142857142858 7 118.41557922329106 36.874187055719176
165.0 4 11.144311488105664 42.56003938701063
165.0 2 51.17013400093882 52.710492072788625
165.0 7 105.72563900030897 39.08760983979023
165.0 1 55.9123479255743 53.04764322065368
146.66666666666666 1 149.33077842605778 115.81637645347875
146.66666666666666 2 14.871174220938874 88.12837028776038
146.66666666666666 4 -53.810958746980816 65.90727032179215
146.66666666666666 7 36.268817338822906 57.05316613525387
