220.0 7 0.0103112743760002 0.0185887602188771
220.0 2 0.0389895267025886 0.0324978645725977
220.0 1 0.054046226498181 0.0219994749373076
220.0 4 0.0529389127498825 0.0282944627280876
188.57142857142858 7 0.0482737787294297 0.0150322817185973
188.57142857142858 2 0.1099274004323715 0.0191368242790253
188.57142857142858 4 0.0577208570927634 0.020492626831029
188.57142857142858 1 0.071377154675908 0.0216932874141271
165.0 2 0.0208602258462857 0.0214881745099016
165.0 4 0.0045431355434593 0.0173501995055078
165.0 1 0.0227934561457702 0.0216256189240333
165.0 7 0.0431005458623355 0.0159346146921281
146.66666666666666 7 0.0147854942269967 0.0232585267571357
146.66666666666666 1 0.0608767951186538 0.0472141771110798
146.66666666666666 2 0.0060624436285931 0.035926771417758
146.66666666666666 4 -0.0219367952494826 0.0268680270370127
