220.0 2 4.535894029708078 14.139895021912675
220.0 7 59.142761651395766 21.37788004753858
220.0 4 32.74179399086128 15.588478075845963
220.0 1 7.576351734834445 6.106520670222768
188.57142857142858 2 1.5950320266549107 23.92525000874188
188.57142857142858 1 8.165537547835106 18.10848912576785
188.57142857142858 4 30.174654495425482 22.729144041368905
188.57142857142858 7 66.6829282758135 35.95702514865489
165.0 4 41.84635859921 23.76137829548086
165.0 2 43.27587577577902 17.521147292884987
165.0 7 73.27543036026816 32.517354106357836
165.0 1 -18.581454049940334 22.64126259545666
146.66666666666666 4 -9.325371124875565 45.14949734461608
146.66666666666666 2 12.022677842139597 27.6985122600106
146.66666666666666 1 -29.25808248092979 127.32943046731123
146.66666666666666 7 93.84744260151665 39.66069711666375
