220.0 2 0.0018491210883441 0.0057643273631931
220.0 1 0.0030886064960597 0.0024894091603028
220.0 4 0.0133476534818024 0.0063548626481231
220.0 7 0.0241103798008136 0.0087149939044185
188.57142857142858 4 0.0123011229088567 0.0092658557037786
188.57142857142858 7 0.0271842349269521 0.0146583877491459
188.57142857142858 1 0.0033287963912903 0.0073821806464606
188.57142857142858 2 0.0006502372713636 0.0097534651482845
165.0 7 0.0298717612557147 0.013256157401695
165.0 4 0.0170592574803139 0.0096866605362743
165.0 2 0.0176420202917974 0.0071427424756971
165.0 1 -0.0075749914594131 0.0092300295945604
146.66666666666666 7 0.0382582317984169 0.0161682417923619
146.66666666666666 1 -0.0119274694174194 0.0519076357388142
146.66666666666666 4 -0.003801618884988 0.0184058285139079
146.66666666666666 2 0.0049012139592905 0.0112916886506362
